image: simple_warehouse.pgm
resolution: 0.010000
origin: [-13.965342, -15.910640, 0.000000]
negate: 0
occupied_thresh: 0.65
free_thresh: 0.196

